SB 1 10 4 12 6 15 3 9 2 13 11 7 5 0 8 14
PERM 4 5 2 3 12 13 10 11 0 1 6 7 8 9 14 15
nrSBp 3
nrSBc 3
DINa 1 0 0 0 0 0 0 0 0 0 0 0 0 0 0 0

DINb 3 3 3 3 3 3 3 3 3 3 3 3 3 3 3 3

DOUTb 1 0 0 0 0 0 0 0 0 0 0 0 0 0 0 0

DOUTa 3 3 3 3 3 3 3 3 3 3 3 3 3 3 3 3

DKEY 0 0 0 0 0 0 0 0 0 0 0 0 0 0 0 0 0 0 0 0 0 0 0 0 0 0 0 0 0 0 0 0 0 0 0 0 0 0 0 0 0 0 0 0 0 0 0 0 0 0 0 0 0 0 0 0 0 0 0 0 0 0 0 0 0 0 0 0 0 0 0 0 0 0 0 0 0 0 0 0 0 0 0 0 0 0 0 0 0 0 0 0 0 0 0 0 0 0 0 0 0 0 0 0 0 0 0 0 0 0 0 0 0 0 0 0 0 0 0 0 0 0 0 0 0 0 0 0 0 0 0 0 0 0 0 0 0 0 0 0 0 0 0 0

nrR 9

KS
k0[2]
k0[3]
k0[6]
k0[7]
k0[10]
k0[11]
k0[14]
k0[15]
k1[2]
k1[3]
k1[6]
k1[7]
k1[10]
k1[11]
k1[14]
k1[15]
k2[2]
k2[3]
k2[6]
k2[7]
k2[10]
k2[11]
k2[14]
k2[15]
k3[2]
k3[3]
k3[6]
k3[7]
k3[10]
k3[11]
k3[14]
k3[15]
k4[2]
k4[3]
k4[6]
k4[7]
k4[10]
k4[11]
k4[14]
k4[15]
k5[2]
k5[3]
k5[6]
k5[7]
k5[10]
k5[11]
k5[14]
k5[15]
k6[2]
k6[3]
k6[6]
k6[7]
k6[10]
k6[11]
k6[14]
k6[15]
k7[2]
k7[3]
k7[6]
k7[7]
k7[10]
k7[11]
k7[14]
k7[15]
k8[2]
k8[3]
k8[6]
k8[7]
k8[10]
k8[11]
k8[14]
k8[15]
k9[2]
k9[3]
k9[6]
k9[7]
k9[10]
k9[11]
k9[14]
k9[15]